date: 2025-08-29 23:13:43+00:00
type: text
text: 55.775832, 37.655555
